# Created by Octave 3.8.1, Sun Dec 14 17:52:10 2014 CET <nesta@bruhin-ThinkPad-T430>
# name: m_N_F
# type: matrix
# rows: 40
# columns: 1
 4.272775397560461e-05
 0.001917253696909372
 0.007513010031356205
 0.02459317917457616
 0.06119334931136571
 0.1572688904949848
 0.3292981038524817
 0.690183645493381
 1.293256626606146
 2.065263966456873
 4.157764709184779
 3.485892959193111
 2.872240573695268
 2.319105214862744
 1.862924223857863
 1.505866564948406
 1.093590113223971
 0.7252023380272001
 0.460030366900876
 0.2810129644257003
 0.1512846329970542
 0.07383045145295077
 0.03051249508028776
 0.01176708166947144
 0.00307569981738303
 0.0006773760252280586
 0.0001929427753340867
 2.260743080132697e-05
 8.582936840623037e-07
 2.148081474118854e-07
 0
 0
 0
 0
 0
 0
 0
 0
 0
 0


# name: m_N_C
# type: matrix
# rows: 40
# columns: 1
 0.0001755712229300994
 0.002635352085094156
 0.01122092126440095
 0.03193468150473157
 0.07512823603463969
 0.1906763325040335
 0.4003551561565333
 0.7966108938611337
 1.499773373326039
 1.985969456844204
 0
 0
 0
 0
 0
 0
 0
 0
 0
 0
 0
 0
 0
 0
 0
 0
 0
 0
 0
 0
 0
 0
 0
 0
 0
 0
 0
 0
 0
 0


# name: m_N_A
# type: matrix
# rows: 40
# columns: 1
 0
 0
 0.001229454483296219
 0.008543716177119255
 0.02308425876806745
 0.08557893705347988
 0.21456192526457
 0.5052839634242886
 1.102873144059922
 1.651152457287516
 1.499363396709738
 1.411937726228428
 1.188723576574372
 0.9423642456051253
 0.8108991258008023
 0.6339370312200382
 0.4667662402398457
 0.3295492443328569
 0.2070045553323472
 0.1327315220837348
 0.06968045321507765
 0.03429664685190232
 0.0142926254623161
 0.004506978923035343
 0.001265021349961307
 0.0002765339501031051
 8.202278281904225e-05
 9.537407260942049e-06
 5.430659218362624e-07
 0
 0
 0
 0
 0
 0
 0
 0
 0
 0
 0


# name: m_N_T
# type: matrix
# rows: 40
# columns: 1
 0.0002185146248599295
 0.004555668008867157
 0.01997362330069562
 0.06508963101316763
 0.1594104249441309
 0.4334364579359654
 0.9438066281407876
 1.990762010340755
 3.892522600454561
 5.696459468169445
 5.650954190790649
 4.894257613614325
 4.060500683597767
 3.263176872178913
 2.676947753591534
 2.143626992076821
 1.564043730226064
 1.057848784621512
 0.6693623984629803
 0.4153972261381494
 0.2219505168046335
 0.1086545330791867
 0.04504120490089753
 0.01636549286834844
 0.004366382985509316
 0.0009598602446959982
 0.0002767494625214982
 3.235965455571689e-05
 1.41135555293868e-06
 2.164122478078887e-07
 0
 0
 0
 0
 0
 0
 0
 0
 0
 0


