# Created by Octave 3.8.1, Sun Dec 14 17:52:25 2014 CET <nesta@bruhin-ThinkPad-T430>
# name: m_N_F
# type: matrix
# rows: 40
# columns: 1
 0.0002632921815148754
 0.0005266351985298829
 0.001674872386294221
 0.002670580524795206
 0.004864614623195827
 0.01049151069717556
 0.02171440163629582
 0.04911443389012797
 0.09291137755309323
 0.1841633650982361
 0.3390075553107991
 0.5816366181838982
 0.9081830258022419
 1.40944286493182
 1.768002540307307
 3.348067600766323
 2.738613803311269
 2.133153833109896
 1.671206786919029
 1.374322809595439
 1.078571759812287
 0.8503019569091667
 0.628397391470229
 0.4802891666187334
 0.3625948581603206
 0.2680643835549258
 0.1882895466948529
 0.1238487758910304
 0.07872730361097234
 0.04316031289483772
 0.02105606245642075
 0.007894050260222113
 0.002700072303561538
 0.000649619079680458
 9.137062653214442e-05
 1.004341904297532e-05
 0
 0
 0
 0


# name: m_N_C
# type: matrix
# rows: 40
# columns: 1
 0.0003575639567979189
 0.0007933707531716691
 0.0008874436186703922
 0.002312568505120557
 0.007210135656997544
 0.01367189863943131
 0.03325799640786994
 0.06558807481136457
 0.1346621717565566
 0.2429421991584782
 0.4249053413087201
 0.6674012864294904
 1.162576179979156
 1.552871635127999
 1.615447181560582
 0
 0
 0
 0
 0
 0
 0
 0
 0
 0
 0
 0
 0
 0
 0
 0
 0
 0
 0
 0
 0
 0
 0
 0
 0


# name: m_N_A
# type: matrix
# rows: 40
# columns: 1
 3.455039894698212e-05
 0
 0.0002738170118833505
 0.0005041571929272486
 0.001587573009639191
 0.004282214815995046
 0.0113450833029999
 0.0309389752807098
 0.06596973883697879
 0.1578060643629334
 0.3074669514307759
 0.5602321959127767
 0.9990914067435244
 1.601189796756554
 1.812644124931589
 1.525693368221349
 1.318154009368566
 1.086450977145129
 0.8979102883615473
 0.7288720849413644
 0.5819507176042469
 0.4480850911193696
 0.3384775013724963
 0.2497832363387271
 0.1895564208472009
 0.1340118979522145
 0.0983314396955807
 0.06830224361154519
 0.04224108481796982
 0.02327542086795253
 0.01003419529626346
 0.003894687954470203
 0.00163646407423025
 0.0003323692953356095
 6.424167843641298e-05
 1.136598725951483e-05
 0
 0
 0
 0


# name: m_N_T
# type: matrix
# rows: 40
# columns: 1
 0.0006596626352680095
 0.001326843961046171
 0.002847631511700548
 0.005501936720278816
 0.01368989190408223
 0.02848949984424378
 0.06638913091865992
 0.1457513315446834
 0.2936774319927367
 0.585024229796996
 1.071305163319769
 1.808681796772039
 3.068066232046027
 4.559909246671704
 5.191050465258754
 4.868667619425671
 4.053328612864954
 3.218446620081411
 2.569550184197182
 2.104757216272757
 1.662732725224055
 1.300942001336205
 0.9694059971404512
 0.7324947579410234
 0.5543700581660709
 0.4039782347053444
 0.2881784494770288
 0.1933217221273148
 0.1217796273371917
 0.06691674135353046
 0.03133067127852512
 0.01188511267382444
 0.004373729178218605
 0.0009907523043682391
 0.000157058288329509
 2.161372851808558e-05
 0
 0
 0
 0


