# Created by Octave 3.8.1, Sun Dec 14 17:51:57 2014 CET <nesta@bruhin-ThinkPad-T430>
# name: m_N_F
# type: matrix
# rows: 40
# columns: 1
 0.05147221730009716
 0.1682922723863647
 0.5159303396870963
 1.279855884009124
 2.737974642538294
 7.286415019282855
 5.759390987892488
 4.136847414987108
 2.689032218023607
 1.510435316237453
 0.6672523012741112
 0.2689444048722941
 0.08520946343618409
 0.02531809826040427
 0.005788411715229081
 0.0008240847602069038
 8.045730047849677e-05
 5.013224547678123e-06
 4.647455254434704e-07
 3.387135244520072e-08
 1.530950915963854e-09
 4.025110904518686e-11
 9.729169701541321e-13
 4.045934141801769e-14
 0
 0
 0
 0
 0
 0
 0
 0
 0
 0
 0
 0
 0
 0
 0
 0


# name: m_N_C
# type: matrix
# rows: 40
# columns: 1
 0.03174502355320251
 0.1416220835094735
 0.4520873594389885
 1.191219808631786
 2.684587608668496
 0
 0
 0
 0
 0
 0
 0
 0
 0
 0
 0
 0
 0
 0
 0
 0
 0
 0
 0
 0
 0
 0
 0
 0
 0
 0
 0
 0
 0
 0
 0
 0
 0
 0
 0


# name: m_N_A
# type: matrix
# rows: 40
# columns: 1
 0.009556099880855531
 0.03965517576859325
 0.1502060736211679
 0.5239455420137251
 1.412540915293179
 1.759885226528219
 1.566973225159437
 1.218379099677776
 0.8105955189819973
 0.4857603486512183
 0.2064562077024242
 0.08946264346268981
 0.02675898178205916
 0.007632986935631497
 0.001678924312995492
 0.0001614712911777522
 1.940440509719766e-05
 1.086380096847061e-06
 1.260188182415863e-07
 1.02583035553572e-08
 6.786649734832672e-10
 1.624940875787019e-11
 6.434081656372282e-13
 0
 0
 0
 0
 0
 0
 0
 0
 0
 0
 0
 0
 0
 0
 0
 0
 0


# name: m_N_T
# type: matrix
# rows: 40
# columns: 1
 0.09284726067023631
 0.3496912738840389
 1.118246556865825
 2.994196069221206
 6.831584292197595
 9.040442755302903
 7.325219107713393
 5.357524895428707
 3.50296653476147
 1.998983949286123
 0.8752635079248852
 0.3591693621314064
 0.1122399285108654
 0.0330397530719145
 0.007489169039625988
 0.0009886313885142731
 0.0001001922092891075
 6.120898553529686e-06
 5.929197319259628e-07
 4.429700159595058e-08
 2.218357805604096e-09
 5.67318961517983e-11
 1.623175515061473e-12
 4.063664689463099e-14
 0
 0
 0
 0
 0
 0
 0
 0
 0
 0
 0
 0
 0
 0
 0
 0


