# Created by Octave 3.8.1, Sun Dec 14 18:28:51 2014 CET <nesta@bruhin-ThinkPad-T430>
# name: averaged
# type: matrix
# rows: 40
# columns: 4
 0.06471345782356729 0.0007726980038634901 0.001159047005795235 0.06664520283322602
 0.001738570508692853 0.002253702511268513 0.00025756600128783 0.004249839021249195
 0.006503541532517708 0.004893754024468771 0.00025756600128783 0.01165486155827431
 0.009207984546039922 0.01068898905344495 0.0005795235028976176 0.02047649710238249
 0.0231809401159047 0.02343850611719253 0.001867353509336768 0.048486799742434
 0.0399871216999356 0.04121056020605281 0.004249839021249196 0.08544752092723761
 0.06638763683193818 0.06703155183515774 0.0098518995492595 0.1432710882163554
 0.1030907920154539 0.1145524790727624 0.02041210560206053 0.2380553766902769
 0.1843528654217644 0.1856406954282035 0.04224082421120412 0.4122343850611719
 0.2967804249839022 0.2849967804249839 0.08390212491951063 0.6656793303283967
 0.4509980682549903 0.3900837089504186 0.1596909207984546 1.000772698003864
 0.6389568576947843 0.5792015453960078 0.2764327108821635 1.494591113972956
 0.9082421120412105 0.7822279459111398 0.4585962652929814 2.149066323245331
 1.231229877656149 0.9584030907920156 0.6551191242755956 2.84475209272376
 1.425692208628461 1.004121056020605 0.7831938184159691 3.213007083065035
 2.345331616226658 0 0.7480360592401804 3.093367675466838
 2.117707662588538 0 0.7471989697359948 2.864906632324533
 1.953187379265937 0 0.7065035415325177 2.659690920798455
 1.817256922086285 0 0.656149388280747 2.473406310367032
 1.681197681905988 0 0.6061815840309078 2.287379265936896
 1.56677398583387 0 0.5695428203477141 2.136316806181584
 1.402833226014166 0 0.5354797166773986 1.938312942691565
 1.29407598197038 0 0.5023180940115904 1.79639407598197
 1.170895041854475 0 0.460592401802962 1.631487443657437
 1.028589826142949 0 0.416484224082421 1.44507405022537
 0.89703799098519 0 0.3724404378622022 1.269478428847392
 0.7785576303927882 0 0.3309723116548616 1.10952994204765
 0.6283322601416614 0 0.2661944623309723 0.8945267224726337
 0.4966516419832582 0 0.2028332260141661 0.6994848679974244
 0.3581455247907276 0 0.1576303927881519 0.5157759175788795
 0.2388280746941404 0 0.1025112685125563 0.3413393432066966
 0.1507405022537025 0 0.07115260785576304 0.2218931101094656
 0.08248551191242756 0 0.03934320669671603 0.1218287186091436
 0.03960077269800387 0 0.02208628461043142 0.06168705730843529
 0.01526078557630393 0 0.01036703155183516 0.02562781712813909
 0.006632324533161623 0 0.00412105602060528 0.0107533805537669
 0.0009658725048293626 0 0.001674179008370895 0.002640051513200257
 0.0001931745009658725 0 0.000386349001931745 0.0005795235028976175
 0 0 0.000128783000643915 0.000128783000643915
 0 0 0 0


# name: errors
# type: matrix
# rows: 40
# columns: 4
 0.2046419219877155 0.002443485635674214 0.003665228453511321 0.2107506360769009
 0.004409760120608869 0.00325868779795857 0.0004502291685641346 0.007510501721744747
 0.008699871827854399 0.003606945960523719 0.0003325162778456679 0.01068653206723423
 0.005097829890655334 0.006041983333849082 0.000981251723602701 0.01074821685503944
 0.01171697279584132 0.00749822363323098 0.001531320796886625 0.01896375539032649
 0.01493996906824346 0.01737907918437189 0.002432146894048559 0.03193144715195348
 0.01805119877132148 0.01154447002105786 0.00368090663463786 0.02875552951330917
 0.0164291589852078 0.01770330424357612 0.005284202248885339 0.03036514240872189
 0.02722786890399765 0.01757952165665615 0.006720613822465166 0.04231130812662367
 0.03087429009161312 0.02378363209994298 0.01409456580043857 0.04412767886408726
 0.03107470916669887 0.0284584854967026 0.0206410221595558 0.06319763239243832
 0.037977097855538 0.03213595362844129 0.02111554728226007 0.07206317061602581
 0.04302227180018074 0.02800647836268248 0.03615085613144437 0.07888199706340145
 0.03794603005930594 0.0508001373925366 0.03090374634955531 0.06928560675667411
 0.08106253679138188 0.0335251061974388 0.03508670472155147 0.1033392973409597
 0.0407293418724547 0 0.02795090573298328 0.05140935372273839
 0.05162469153979971 0 0.02326861703212113 0.06874983455491517
 0.04410809938531277 0 0.03177053395790207 0.06671161775948832
 0.05628421226497726 0 0.03868137721016543 0.08601498356648697
 0.03796423693029606 0 0.03881596454578739 0.05550138122031184
 0.04907742008810608 0 0.03018588862867801 0.06853187241457495
 0.03677926660004648 0 0.02527306005643113 0.0547044019904575
 0.03226728834050524 0 0.0154553015086405 0.03800104881849554
 0.04475319935856471 0 0.03046057525624161 0.06635279493374747
 0.04319641140471887 0 0.03151428761105242 0.06557178282214217
 0.04540648472508584 0 0.02932182762809058 0.05270343668185213
 0.05011926903825968 0 0.03526606464656083 0.0770736641661382
 0.0341966762870241 0 0.02995600742693276 0.05236805887058355
 0.0451517130583035 0 0.0307510147672246 0.07346719345322923
 0.03918640026711998 0 0.02450414105429829 0.05825839550293145
 0.03883524644049808 0 0.01949029538307293 0.05557553926371105
 0.02329088029499842 0 0.0244353277035918 0.04627952906471076
 0.02252465446112722 0 0.02269580916921541 0.04364479346385944
 0.01293273891307285 0 0.01354791317934758 0.02489952701153163
 0.007774827413677477 0 0.01028227399645686 0.01680715469262371
 0.004828647010027151 0 0.004463238885793528 0.009106586255876167
 0.001555202484029774 0 0.002785340750806325 0.00420000659869928
 0.0006108714089185537 0 0.001015854008688494 0.001619061787134244
 0 0 0.0004072476059457025 0.0004072476059457025
 0 0 0 0


