# Created by Octave 3.8.1, Sun Dec 14 18:28:46 2014 CET <nesta@bruhin-ThinkPad-T430>
# name: averaged
# type: matrix
# rows: 40
# columns: 4
 0.6841596909207984 0.08171281390856408 0.01699935608499678 0.7828718609143592
 0.496909207984546 0.2094011590470058 0.019703799098519 0.7260141661300707
 0.7378622021893111 0.5580167417900836 0.05383129426915647 1.349710238248551
 1.66052801030264 1.305537669027688 0.1815196394075982 3.147585318737927
 3.12466194462331 2.43618802318094 0.4410173857050869 6.001867353509337
 7.046233097231164 0 0.6326464906632323 7.678879587894397
 5.843979394719897 0 0.5586606567933032 6.402640051513201
 4.404121056020605 0 0.4477141017385705 4.851835157759177
 3.223245331616226 0 0.3612363168061816 3.584481648422408
 2.038506117192531 0 0.2518995492594978 2.290405666452028
 1.263103670315518 0 0.1557630392788152 1.418866709594333
 0.734964584674823 0 0.1001287830006439 0.8350933676754669
 0.3870573084352865 0 0.05312298776561494 0.4401802962009015
 0.1976175144880876 0 0.02537025112685125 0.2229877656149389
 0.09542820347714101 0 0.01377978106889891 0.1092079845460399
 0.04649066323245332 0 0.007211848036059241 0.05370251126851255
 0.02627173213135866 0 0.004507405022537025 0.03077913715389569
 0.01944623309723117 0 0.004185447520927237 0.02363168061815841
 0.01236316806181584 0 0.002640051513200258 0.0150032195750161
 0.008242112041210559 0 0.001867353509336768 0.01010946555054733
 0.006503541532517708 0 0.00154539600772698 0.008048937540244687
 0.005795235028976176 0 0.001223438506117193 0.007018673535093367
 0.002640051513200257 0 0.0006439150032195751 0.003283966516419832
 0.002124919510624598 0 0.000643915003219575 0.002768834513844172
 0.00128783000643915 0 0.0005795235028976175 0.001867353509336768
 0.0007083065035415326 0 0.000386349001931745 0.001094655505473278
 6.43915003219575e-05 0 0 6.43915003219575e-05
 0 0 0 0
 0 0 0 0
 0 0 0 0
 0 0 0 0
 0 0 0 0
 0 0 0 0
 0 0 0 0
 0 0 0 0
 0 0 0 0
 0 0 0 0
 0 0 0 0
 0 0 0 0
 0 0 0 0


# name: errors
# type: matrix
# rows: 40
# columns: 4
 0.6429311543685864 0.07358398783849578 0.01451374196347866 0.6891682832317401
 0.6540351646748802 0.04372915657588695 0.01773905001802611 0.7095850656041337
 0.1864095195220485 0.05298411519424369 0.01528671034202078 0.2324047449531114
 0.16025789808897 0.07178890263330218 0.02502069914679752 0.2125255100429357
 0.22600819368345 0.1822837332261886 0.03944378718616302 0.3927577085001778
 0.7576399869356891 0 0.1005182509246449 0.8520723969720028
 0.4594689434728977 0 0.05331868533061952 0.5033907370299259
 0.4738454379735077 0 0.05012901160764004 0.5159484524040904
 0.3675008265377085 0 0.04301236546597486 0.4007232805501105
 0.3652832695662819 0 0.04039742070518193 0.4019137056317175
 0.26229932081897 0 0.03337670959822038 0.2898751298540521
 0.2116565147088508 0 0.03034419799795486 0.2415758887629664
 0.1664919689660042 0 0.02728060829607952 0.1920299977596424
 0.1180933991167171 0 0.01435094439727111 0.1320244041443228
 0.064986731580167 0 0.009780539236095859 0.07436417609029361
 0.02952786985228253 0 0.004192870726619371 0.03357728452777124
 0.01433359875453201 0 0.003020229079087848 0.01631477260934132
 0.01229186348897876 0 0.00221504265298887 0.01398957932779599
 0.007207502856007749 0 0.002886865649898248 0.008901929232922949
 0.00557894538614629 0 0.001781627471083677 0.006981852132842814
 0.005567786244297782 0 0.001611932462375496 0.006748319348470698
 0.006287108184536085 0 0.002280626994486284 0.008130515972861669
 0.004111318717342232 0 0.001487058001776242 0.005391226191612229
 0.002974890412107087 0 0.001214177774091518 0.003742962703379382
 0.002124811104660155 0 0.001231133753998711 0.003247358123337982
 0.00126800218825859 0 0.001015854008688494 0.002252168858480305
 0.0002036238029728512 0 0 0.0002036238029728512
 0 0 0 0
 0 0 0 0
 0 0 0 0
 0 0 0 0
 0 0 0 0
 0 0 0 0
 0 0 0 0
 0 0 0 0
 0 0 0 0
 0 0 0 0
 0 0 0 0
 0 0 0 0
 0 0 0 0


