# Created by Octave 3.8.1, Sun Dec 14 18:28:48 2014 CET <nesta@bruhin-ThinkPad-T430>
# name: averaged
# type: matrix
# rows: 40
# columns: 4
 0.06600128783000644 0.002962009014810045 0.001352221506761108 0.07031551835157759
 0.01223438506117193 0.01687057308435286 0.0007726980038634901 0.02987765614938828
 0.03593045717965229 0.03309723116548616 0.002124919510624598 0.07115260785576304
 0.0759175788795879 0.07115260785576304 0.00540888602704443 0.1524790727623954
 0.1448808757244044 0.1370895041854475 0.01435930457179652 0.2963296844816484
 0.2679974243399871 0.2506761107533806 0.04133934320669672 0.5600128783000644
 0.489632968448165 0.4485511912427559 0.09214423696072119 1.030328396651642
 0.8312942691564714 0.7598197037990986 0.2220218931101094 1.813135866065679
 1.360012878300064 1.131680618158403 0.4236316806181584 2.915325177076626
 1.865550547327753 1.447714101738571 0.6027044430135222 3.915969092079846
 3.309272376046362 0 0.6260785576303929 3.935350933676754
 3.09143593045718 0 0.6126207340631036 3.704056664520283
 2.863296844816484 0 0.5910495814552478 3.454346426271732
 2.647907276239536 0 0.5564069542820349 3.204314230521571
 2.408435286542177 0 0.5142305215711527 2.922665808113329
 2.162073406310367 0 0.4902124919510625 2.65228589826143
 1.889439793947199 0 0.4336767546683837 2.323116548615583
 1.580167417900837 0 0.3760463618802318 1.956213779781069
 1.248100450740502 0 0.3102382485511912 1.558338699291693
 0.9388924661944624 0 0.2528010302640051 1.191693496458468
 0.6824211204121056 0 0.1899549259497746 0.8723760463618803
 0.4520927237604637 0 0.1351577591757888 0.5872504829362525
 0.2799742433998712 0 0.0915003219575016 0.3714745653573728
 0.1549259497746298 0 0.05486155827430779 0.2097875080489375
 0.08254990341274951 0 0.02710882163554411 0.1096587250482936
 0.03921442369607212 0 0.01397295556986478 0.0531873792659369
 0.01706374758531874 0 0.005473277527366387 0.02253702511268512
 0.007662588538312943 0 0.002704443013522215 0.01036703155183516
 0.002382485511912428 0 0.0009014810045074051 0.003283966516419832
 0.001223438506117193 0 0.0003219575016097875 0.00154539600772698
 0.0008370895041854475 0 6.43915003219575e-05 0.0009014810045074051
 0.0001931745009658725 0 0 0.0001931745009658725
 6.43915003219575e-05 0 6.43915003219575e-05 0.000128783000643915
 0 0 0 0
 0 0 0 0
 0 0 0 0
 0 0 0 0
 0 0 0 0
 0 0 0 0
 0 0 0 0


# name: errors
# type: matrix
# rows: 40
# columns: 4
 0.2030849008313573 0.002469740264201335 0.003399833275667932 0.2059158788833567
 0.00830736315963238 0.006387429114043655 0.001085993615855207 0.01271340378700522
 0.01619289407237595 0.01282524666259642 0.001549266575026279 0.02840087757743059
 0.02733998701301334 0.02153508243166857 0.002579234837656116 0.04942538776544361
 0.0304105482261716 0.03445924707928551 0.003501303249393061 0.06352047353233234
 0.07557086261273438 0.02994808614806801 0.01430786285307392 0.1079001445327068
 0.04732003778220235 0.03082463559055309 0.0135696588970386 0.06461679838526338
 0.05958910651002847 0.04063869515703409 0.02119774971385923 0.1133903260049936
 0.0552321198470177 0.0442938330022017 0.04626882658699675 0.1233355461304561
 0.08612524646790222 0.05157580977339193 0.03291463286835386 0.1578522312951757
 0.1837898439127868 0 0.04987933513638125 0.2104966801514056
 0.1803723303331387 0 0.04374853708017674 0.2101709811580852
 0.169824109946636 0 0.04529270649254435 0.2047440910940256
 0.08793300601510845 0 0.0316421605942286 0.1071073462287756
 0.08979019601622394 0 0.03785699405292659 0.09812820057843211
 0.1534794819696892 0 0.03406338092727509 0.1822579018030568
 0.1556564689170172 0 0.03853609985092919 0.1839012932191353
 0.1612203952959199 0 0.03950395074992182 0.1897041064374009
 0.1536046009866173 0 0.03506667541943691 0.1814806020981599
 0.1288814998575513 0 0.04144265507921534 0.168792560562645
 0.07314463790675692 0 0.01988158175902024 0.0845597677060162
 0.03957787714045037 0 0.01373165414592402 0.05092314273908365
 0.04231675190196028 0 0.01316294851228753 0.04756595668650367
 0.02870895039848584 0 0.01265747572471924 0.03794524089741394
 0.02552084997259735 0 0.0106043067792924 0.03489711734819171
 0.02027724594995694 0 0.008644623869057637 0.02761620589221818
 0.009976642838971537 0 0.003695895118635451 0.01289617418828057
 0.00711518794413974 0 0.003294541121159029 0.01004658741166099
 0.00231272182821223 0 0.00136426259558452 0.003506562438612473
 0.001619061787134244 0 0.0006257729013570831 0.002107394326444916
 0.001457329486736893 0 0.0002036238029728513 0.001640263848426083
 0.0004346095027112382 0 0 0.0004346095027112382
 0.0002036238029728513 0 0.0002036238029728513 0.0004072476059457025
 0 0 0 0
 0 0 0 0
 0 0 0 0
 0 0 0 0
 0 0 0 0
 0 0 0 0
 0 0 0 0


