# Created by Octave 3.8.1, Sun Dec 14 01:26:28 2014 CET <nesta@bruhin-ThinkPad-T430>
# name: P
# type: matrix
# rows: 40
# columns: 6
 0 0.3333333333333333 0 0.3333333333333333 0.08333333333333333 0
 0 0.3787878787878787 0.03896103896103896 0.217989417989418 0.2825396825396825 0
 0.01314699792960663 0.3073529411764706 0.04561157796451915 0.2327548994215661 0.1332124665457999 0.08160666493999828
 0.03027604368260249 0.3009392987591594 0.07415640322920278 0.2228684852182409 0.1524929084036203 0.09108377203741091
 0.03391848855905594 0.3244454990444295 0.09999665614638877 0.2281304685522042 0.161832841995048 0.1169463218287225
 0.04926217401145729 0.3044843339232967 0.09007598532902757 0.2213278406564828 0.1495224245709981 0.1158566681138811
 0.05889334187750463 0.3141194012474624 0.1122144280277465 0.2223883312545446 0.1399060568641683 0.1340998423629844
 0.06805928928932592 0.3074708191374007 0.1231262127630891 0.2300897148529357 0.145640282946161 0.1375183756881515
 0.07907298615938783 0.3088269750783525 0.1222554972043858 0.2176484325292123 0.1240698952882876 0.1596914812431245
 0.08161268133718445 0.2941606261804219 0.1397273841597826 0.1551018910968172 0.0956236035062043 0.2344928874524984
 0.07221020274152133 0.2323827543321261 0.2311889560036774 0 0 0
 0.08111406636625575 0.2374127176064083 0.2445068597786117 0 0 0
 0.08289495373941062 0.2433923593799682 0.2493263006433716 0 0 0
 0.08140337332100095 0.2541855090063367 0.2661151335502125 0 0 0
 0.08721528296042751 0.2581230236316862 0.2750147439481632 0 0 0
 0.08436344948879697 0.2551803378431615 0.2901385516143187 0 0 0
 0.0855476941251192 0.2426948195681277 0.3191554957659119 0 0 0
 0.09109466612512658 0.2397987555699305 0.3293811000338563 0 0 0
 0.09021758484248606 0.24794605314166 0.3505296917392217 0 0 0
 0.09471217399132482 0.2292901016018215 0.373357053647104 0 0 0
 0.09236974686010013 0.2254370713177628 0.4042525576085441 0 0 0
 0.09317076593463297 0.1996372252270545 0.4372847762239409 0 0 0
 0.09396032797918911 0.1866988057758537 0.4595474845523444 0 0 0
 0.07683670187154994 0.1636539344930758 0.4933753988674535 0 0 0
 0.08251652094563523 0.130622371413335 0.5932439977666107 0 0 0
 0.08191143883063771 0.196185337208201 0.5730002747667531 0 0 0
 0.08530249706720294 0.09808111278699515 0.6621417797888386 0 0 0
 0.08465608465608465 0.01851851851851852 0.8214285714285715 0 0 0
 0.126984126984127 0.07936507936507936 0.4047619047619048 0 0 0
 0 0 0.5 0 0 0
 0 0 0 0 0 0
 0 0 0 0 0 0
 0 0 0 0 0 0
 0 0 0 0 0 0
 0 0 0 0 0 0
 0 0 0 0 0 0
 0 0 0 0 0 0
 0 0 0 0 0 0
 0 0 0 0 0 0
 0 0 0 0 0 0


