# Created by Octave 3.8.1, Sun Dec 14 17:55:25 2014 CET <nesta@bruhin-ThinkPad-T430>
# name: P
# type: matrix
# rows: 40
# columns: 6
 0.02300616386880021 0.1265395321006866 0 0.09833558878980303 0.2194775051952609 0
 0.02563194282760374 0.1865956510575056 0.03563343317422621 0.1301039545426699 0.2066059510322264 0.02988697870700929
 0.03108053008354034 0.1985580052933146 0.05238916785822578 0.1490963510339692 0.1876307975788127 0.05469964293215712
 0.04246674824210708 0.2142918312220084 0.06704678735499998 0.1658940300301192 0.1742864766255327 0.0721705416961743
 0.05216952040675323 0.2157100953430311 0.07318713564431856 0.1237284829376264 0.1328141734046884 0.1042228268332931
 0.04836987819362933 0.1415789312079256 0.1332693988272535 0 0 0
 0.05449392625699972 0.1442124328924047 0.1583312315788064 0 0 0
 0.05899915660123636 0.1419279305525429 0.1773062286414309 0 0 0
 0.06039536704093416 0.1413700891556488 0.1989739916841105 0 0 0
 0.06444186988606269 0.1290238611073735 0.2313640114583578 0 0 0
 0.06200571819018602 0.1302676847412196 0.2786487666081554 0 0 0
 0.06666754567615797 0.1189340335978231 0.3024565503780645 0 0 0
 0.06294373715213598 0.1220665329131532 0.3657016013404965 0 0 0
 0.06043186195254066 0.102782445647398 0.4005935382667369 0 0 0
 0.05814361538798964 0.07152805193665833 0.4403101285256832 0 0 0
 0.03928052951452966 0.05720413703731043 0.5288673999163406 0 0 0
 0.04835164835164835 0.03866503866503867 0.5516890516890517 0 0 0
 0.04344729344729344 0.07122507122507123 0.619420702754036 0 0 0
 0.05436720142602495 0.06040038392979571 0.7218908542437954 0 0 0
 0.06072631072631072 0.03571428571428571 0.7952140452140452 0 0 0
 0.08888888888888889 0.02222222222222222 0.7000000000000001 0 0 0
 0.08095238095238096 0.02469135802469136 0.8555555555555555 0 0 0
 0.1326164874551971 0.02150537634408602 0.8494623655913979 0 0 0
 0 0 0.8456140350877193 0 0 0
 0.09523809523809523 0 0.4285714285714285 0 0 0
 0.05555555555555555 0 0.6111111111111112 0 0 0
 0.1666666666666667 0 0.5 0 0 0
 0 0 0 0 0 0
 0 0 0 0 0 0
 0 0 0 0 0 0
 0 0 0 0 0 0
 0 0 0 0 0 0
 0 0 0 0 0 0
 0 0 0 0 0 0
 0 0 0 0 0 0
 0 0 0 0 0 0
 0 0 0 0 0 0
 0 0 0 0 0 0
 0 0 0 0 0 0
 0 0 0 0 0 0


