# Created by Octave 3.8.1, Fri Dec 12 23:58:08 2014 CET <nesta@bruhin-ThinkPad-T430>
# name: P
# type: matrix
# rows: 40
# columns: 6
 0.02777777777777778 0.9285714285714286 0 0.2413793103448276 0.1551724137931035 0
 0.03076923076923077 0.1698717948717949 0.02884615384615385 0.1346153846153846 0.1826923076923077 0.0576923076923077
 0.0271985494106981 0.223728813559322 0.07627118644067797 0.1500974658869396 0.1676413255360624 0.050682261208577
 0.03461392164321034 0.2192866578599736 0.06803170409511229 0.1488789237668161 0.1775784753363229 0.07443946188340807
 0.04910253765215597 0.1873121869782972 0.07512520868113523 0.1187904967602592 0.132829373650108 0.1117710583153348
 0.05167014613778706 0.1346555323590814 0.1313500347947112 0 0 0
 0.05271199388846447 0.1354087089381207 0.1501145912910619 0 0 0
 0.0600296442687747 0.1408102766798419 0.1810770750988142 0 0 0
 0.05775835154542616 0.1314392756790509 0.1995004683109585 0 0 0
 0.05601558694593278 0.126643935703848 0.2269849001461276 0 0 0
 0.06638655462184874 0.1100840336134454 0.2689075630252101 0 0 0
 0.06666666666666667 0.09803921568627451 0.3470588235294118 0 0 0
 0.06147540983606557 0.1065573770491803 0.3647540983606558 0 0 0
 0.08029197080291971 0.1094890510948905 0.364963503649635 0 0 0
 0.07894736842105263 0.05263157894736842 0.4605263157894737 0 0 0
 0.05555555555555555 0.05555555555555555 0.5555555555555556 0 0 0
 0.05882352941176471 0.02941176470588235 0.3529411764705883 0 0 0
 0.1818181818181818 0.09090909090909091 0.7272727272727273 0 0 0
 0.08333333333333333 0.1666666666666667 0.5833333333333334 0 0 0
 0 0 1 0 0 0
 0 0 0.5 0 0 0
 0 0 0 0 0 0
 0 0 0 0 0 0
 0 0 0 0 0 0
 0 0 0 0 0 0
 0 0 0 0 0 0
 0 0 0 0 0 0
 0 0 0 0 0 0
 0 0 0 0 0 0
 0 0 0 0 0 0
 0 0 0 0 0 0
 0 0 0 0 0 0
 0 0 0 0 0 0
 0 0 0 0 0 0
 0 0 0 0 0 0
 0 0 0 0 0 0
 0 0 0 0 0 0
 0 0 0 0 0 0
 0 0 0 0 0 0
 0 0 0 0 0 0


