# Created by Octave 3.8.1, Sun Dec 14 17:55:50 2014 CET <nesta@bruhin-ThinkPad-T430>
# name: P
# type: matrix
# rows: 40
# columns: 6
 0.01116654787360418 0.3 0 0.1083333333333333 0.2333333333333333 0
 0 0.3024691358024691 0.2345679012345679 0.09963768115942029 0.2101449275362319 0.01449275362318841
 0.02142857142857143 0.1161790447611903 0.1135983995999 0.1586452762923351 0.2174688057040998 0.0588235294117647
 0.02027972027972028 0.2926007326007325 0.05282051282051282 0.3111111111111111 0.2666666666666667 0.1111111111111111
 0.02634984108053543 0.3247820254862508 0.1423876592890677 0.239002000865239 0.1199707981829981 0.1222420506164828
 0.0355120627566448 0.2975127648850612 0.1352595709245502 0.2543444150240267 0.1077277630675689 0.1451015004413063
 0.0413498106149941 0.3753596468210674 0.1127246306091477 0.23585746663842 0.1312304565398471 0.1335211699051254
 0.05403865793986539 0.3864861600998915 0.1197790749330621 0.2369641580275318 0.1540785443989852 0.1556606820664378
 0.05807096929116443 0.3745552523724034 0.1420762299571655 0.276944021377882 0.1099697680096651 0.1680423312758868
 0.07401043481490439 0.3731987487592556 0.1343743563176265 0.2659746823505267 0.1114142391302318 0.1919626954072024
 0.08061722185086893 0.3696028404983629 0.1568845281403181 0.2487051465284861 0.1197920302326932 0.1968800101705048
 0.08983285661221603 0.3579173440353207 0.1660196963994926 0.2501579978108682 0.1279580306723692 0.2082192632565911
 0.09662463441711101 0.386165509569703 0.1617052171070906 0.2506559524443681 0.1181834364440556 0.2063651261742988
 0.1082428614720709 0.3685447056323309 0.1742187660149896 0.2197109307023422 0.1008100079674557 0.2609277620275768
 0.1072799757691107 0.3577042882208019 0.1890854634937901 0.1697740015748815 0.07112375693252244 0.359643594402727
 0.09124941041111923 0.2741467611020269 0.2918866806243608 0 0 0
 0.0963864311542527 0.2788500424101694 0.3091987432287981 0 0 0
 0.1020062206830789 0.2876447990101126 0.3100989735412508 0 0 0
 0.1076228353023316 0.2910299610007685 0.3175510118858789 0 0 0
 0.106250924201317 0.2961181603955255 0.3125128730540034 0 0 0
 0.1081128893083454 0.2906783501517846 0.3314004080957917 0 0 0
 0.1056096487863417 0.2971452023084354 0.3278449948860626 0 0 0
 0.1079665651665237 0.2988412742280999 0.353765810281251 0 0 0
 0.1042648517820792 0.3091303814287212 0.3505234698171749 0 0 0
 0.104828150688546 0.3008263792644359 0.3648561341970091 0 0 0
 0.1002652242149485 0.2968654199396675 0.370723718084047 0 0 0
 0.1047601993908672 0.2922935311399163 0.3766263788187844 0 0 0
 0.1106501721209019 0.2801717328477831 0.3989255605144975 0 0 0
 0.1076692909776903 0.2669747796238019 0.4113635314235509 0 0 0
 0.1082328150390332 0.236325132350601 0.4552462895301069 0 0 0
 0.09565556291220496 0.2121737529691294 0.4763257815727909 0 0 0
 0.09904453607944314 0.2056956051952634 0.531771814152462 0 0 0
 0.1216849654270682 0.1417363363478505 0.5345757880841076 0 0 0
 0.102732892284574 0.09445529990339861 0.6024816310997921 0 0 0
 0.141189307146754 0.108456082924168 0.5729405346426623 0 0 0
 0.2272727272727273 0 0.7676767676767676 0 0 0
 0.06666666666666667 0 0.4666666666666666 0 0 0
 0 0 0 0 0 0
 0 0 0 0 0 0
 0 0 0 0 0 0


