# Created by Octave 3.8.1, Fri Dec 12 23:58:18 2014 CET <nesta@bruhin-ThinkPad-T430>
# name: P
# type: matrix
# rows: 40
# columns: 6
 0 0 0 0 0 0
 0 0 0 0 0 0
 0.1428571428571428 0.25 0 0.6666666666666666 0.3333333333333333 0
 0 0.3333333333333333 0 0.8 0 0.2
 0.1 0.3043478260869565 0.04347826086956522 0.2352941176470588 0.1176470588235294 0.1764705882352941
 0.02985074626865672 0.2285714285714286 0.2285714285714286 0.28125 0.09375 0.09375
 0.03571428571428571 0.2352941176470588 0.1764705882352941 0.3333333333333333 0.06060606060606061 0.2424242424242424
 0.04761904761904762 0.3655913978494624 0.1182795698924731 0.2395833333333333 0.1458333333333333 0.07291666666666667
 0.03831417624521073 0.4545454545454545 0.115702479338843 0.2714285714285714 0.1285714285714286 0.1785714285714286
 0.0508130081300813 0.3927125506072874 0.1578947368421053 0.2816326530612245 0.1061224489795918 0.1469387755102041
 0.07354555433589462 0.3476027397260274 0.1626712328767123 0.2629969418960245 0.1345565749235474 0.2079510703363914
 0.0988917306052856 0.3985074626865672 0.1492537313432836 0.2564612326043738 0.1292246520874752 0.1968190854870775
 0.1013123359580052 0.3602430555555556 0.1736111111111111 0.2616201859229748 0.1075697211155379 0.2111553784860558
 0.1164626924595342 0.3606364172068356 0.1555686505598114 0.1985645933014354 0.1208133971291866 0.2703349282296651
 0.1126605504587156 0.3729096989966555 0.193422519509476 0.1911922663802363 0.06766917293233082 0.3673469387755102
 0.08425959125134456 0.3026174256005737 0.2990319110792399 0 0 0
 0.09688321441982727 0.2872699962448366 0.3146826886969583 0 0 0
 0.09893153937475267 0.3043134151167392 0.3118322121092204 0 0 0
 0.111783884489986 0.2943642291569632 0.3493246390312063 0 0 0
 0.1012345679012346 0.3145679012345679 0.3283950617283951 0 0 0
 0.111407249466951 0.314498933901919 0.3363539445628998 0 0 0
 0.09922822491730982 0.3202866593164278 0.3368246968026461 0 0 0
 0.1080227416298168 0.310170562223626 0.3506001263423879 0 0 0
 0.09606705351386202 0.3159252095422308 0.3662153449387492 0 0 0
 0.1025270758122744 0.3090252707581227 0.376173285198556 0 0 0
 0.1258741258741259 0.3173076923076923 0.3671328671328671 0 0 0
 0.1062959934587081 0.3025347506132461 0.366312346688471 0 0 0
 0.1066969353007945 0.2939841089670829 0.3972758229284903 0 0 0
 0.1039106145251397 0.2681564245810056 0.3810055865921788 0 0 0
 0.1196013289036545 0.2292358803986711 0.4285714285714285 0 0 0
 0.1145038167938931 0.2162849872773537 0.4681933842239186 0 0 0
 0.08835341365461848 0.1566265060240964 0.5341365461847389 0 0 0
 0.1007194244604317 0.1726618705035971 0.5755395683453237 0 0 0
 0.07894736842105263 0.07894736842105263 0.8157894736842105 0 0 0
 0.125 0.1875 0.5 0 0 0
 0.08333333333333333 0.25 0.4166666666666667 0 0 0
 0.5 0 0.5 0 0 0
 0 0 1 0 0 0
 0 0 0 0 0 0
 0 0 0 0 0 0


