# Created by Octave 3.8.1, Fri Dec 12 21:19:47 2014 CET <nesta@bruhin-ThinkPad-T430>
# name: P
# type: matrix
# rows: 40
# columns: 6
 0 0 0 0 0 0
 0 0 0 0 0 0
 0.1428571428571428 0.25 0 0.5 0.25 0
 0 0.3333333333333333 0 0.8 0 0.2
 0.1 0.3043478260869565 0.04347826086956522 0.2105263157894737 0.1052631578947368 0.1578947368421053
 0.02985074626865672 0.2285714285714286 0.2285714285714286 0.2727272727272727 0.09090909090909091 0.09090909090909091
 0.03571428571428571 0.2352941176470588 0.1764705882352941 0.3235294117647059 0.05882352941176471 0.2352941176470588
 0.04761904761904762 0.3655913978494624 0.1182795698924731 0.2277227722772277 0.1386138613861386 0.06930693069306931
 0.03861003861003861 0.45 0.1166666666666667 0.2620689655172414 0.1172413793103448 0.1724137931034483
 0.0513347022587269 0.3877551020408163 0.1591836734693877 0.2557251908396946 0.09923664122137404 0.1374045801526718
 0.07239819004524888 0.3553571428571429 0.1642857142857143 0.2236842105263158 0.1157894736842105 0.1763157894736842
 0.1 0.3957703927492447 0.1510574018126888 0.2249560632688928 0.1124780316344464 0.1722319859402461
 0.1019649495485927 0.3578947368421053 0.1745614035087719 0.223121387283237 0.09364161849710982 0.1838150289017341
 0.1167736757624398 0.358604091456077 0.1552346570397112 0.1537744641192917 0.09319664492078285 0.2096924510717614
 0.1125139249907167 0.3724489795918368 0.195578231292517 0.1553228621291448 0.0549738219895288 0.2966841186736475
 0.08478893740902474 0.3049490538573508 0.2983988355167395 0 0 0
 0.09712773998488285 0.2860922146636433 0.3148148148148148 0 0 0
 0.09935897435897435 0.3044871794871795 0.3137019230769231 0 0 0
 0.1114769520225776 0.2944496707431797 0.3490122295390404 0 0 0
 0.1014565544952285 0.3189352084379709 0.3244600703164239 0 0 0
 0.1108122646584185 0.3157611619150081 0.3356643356643357 0 0 0
 0.09866962305986696 0.3215077605321508 0.335920177383592 0 0 0
 0.108765195137556 0.3122200895713372 0.3480486244401791 0 0 0
 0.09639344262295083 0.3173770491803279 0.3652459016393443 0 0 0
 0.1020558002936858 0.3091042584434655 0.3766519823788546 0 0 0
 0.1262222222222222 0.3208888888888889 0.3644444444444445 0 0 0
 0.1080402010050251 0.2998324958123953 0.3701842546063652 0 0 0
 0.1089223638470452 0.2954808806488992 0.3962920046349942 0 0 0
 0.1047297297297297 0.268018018018018 0.3795045045045045 0 0 0
 0.1201353637901861 0.2267343485617597 0.4297800338409475 0 0 0
 0.1162790697674419 0.2196382428940568 0.4677002583979328 0 0 0
 0.08536585365853659 0.1585365853658537 0.5284552845528455 0 0 0
 0.1007194244604317 0.1726618705035971 0.5755395683453237 0 0 0
 0.07894736842105263 0.07894736842105263 0.8157894736842105 0 0 0
 0.125 0.1875 0.5 0 0 0
 0.08333333333333333 0.25 0.4166666666666667 0 0 0
 0.5 0 0.5 0 0 0
 0 0 1 0 0 0
 0 0 0 0 0 0
 0 0 0 0 0 0


