# Created by Octave 3.8.1, Fri Dec 12 23:58:13 2014 CET <nesta@bruhin-ThinkPad-T430>
# name: P
# type: matrix
# rows: 40
# columns: 6
 0 0 0 0 0 0
 0 0.2 0 0.2222222222222222 0.2222222222222222 0
 0.01851851851851852 0.1935483870967742 0.06451612903225806 0.3043478260869565 0.08695652173913043 0.08695652173913043
 0.0218978102189781 0.1208791208791209 0.08791208791208792 0.2826086956521739 0.1956521739130435 0.04347826086956522
 0.0125 0.410958904109589 0.0821917808219178 0.2183908045977012 0.1379310344827586 0.1494252873563219
 0.04195804195804196 0.325242718446602 0.09223300970873786 0.2556053811659193 0.1165919282511211 0.1210762331838565
 0.04661487236403995 0.3505154639175257 0.08865979381443299 0.2379807692307692 0.1442307692307692 0.1105769230769231
 0.07036797934151065 0.3545034642032333 0.1189376443418014 0.2254758418740849 0.1449487554904832 0.1581259150805271
 0.07666666666666666 0.3388134381701215 0.1272337383845604 0.2047952047952048 0.1028971028971029 0.2027972027972028
 0.07857622565480188 0.3032432432432433 0.1448648648648649 0.1773049645390071 0.07180851063829788 0.2570921985815603
 0.07212907307813983 0.2331540651692502 0.2382157545080671 0 0 0
 0.07205982324949015 0.243031951053705 0.2573079537729436 0 0 0
 0.08368200836820083 0.2461645746164575 0.2555788005578801 0 0 0
 0.08148446954417103 0.2734973779749899 0.2646228317870109 0 0 0
 0.09196290571870171 0.2612055641421948 0.2755023183925812 0 0 0
 0.08664582402858419 0.2760160786065208 0.2907548012505583 0 0 0
 0.07931570762052877 0.2773457750129601 0.3219284603421462 0 0 0
 0.08987547374120194 0.2804547915538712 0.3134813210611803 0 0 0
 0.09662162162162162 0.2837837837837838 0.3337837837837838 0 0 0
 0.08877086494688922 0.2420333839150228 0.370257966616085 0 0 0
 0.08956692913385826 0.25 0.3690944881889764 0 0 0
 0.09748892171344166 0.2437223042836041 0.4091580502215657 0 0 0
 0.111340206185567 0.2185567010309278 0.4247422680412371 0 0 0
 0.09289617486338798 0.2158469945355191 0.4207650273224044 0 0 0
 0.1173469387755102 0.1428571428571428 0.4642857142857143 0 0 0
 0.08490566037735849 0.169811320754717 0.4905660377358491 0 0 0
 0.1276595744680851 0.148936170212766 0.5106382978723404 0 0 0
 0.03333333333333333 0 0.6333333333333333 0 0 0
 0 0 0 0 0 0
 0 0 0 0 0 0
 0 0 0 0 0 0
 0 0 0 0 0 0
 0 0 0 0 0 0
 0 0 0 0 0 0
 0 0 0 0 0 0
 0 0 0 0 0 0
 0 0 0 0 0 0
 0 0 0 0 0 0
 0 0 0 0 0 0
 0 0 0 0 0 0


